0.0;
1.0;
2.0;
3.0;
4.0;
4.500;
5.0;
5.333;
5.667;
6.0;
6.333;
6.667;
7.0;
7.250;
7.500;
7.750;
8.0;
8.200;
8.400;
8.600;
8.800;
9.0;
9.143;
9.286;
9.429;
9.571;
9.714;
9.857;
10.0;
10.125;
10.250;
10.375;
10.500;
10.625;
10.750;
10.875;
11.0;
11.111;
11.222;
11.333;
11.444;
11.556;
11.667;
11.778;
11.889;
12.0;
12.100;
12.200;
12.300;
12.400;
12.500;
12.600;
12.700;
12.800;
12.900;
13.0;
13.91;
13.182;
13.273;
13.364;
13.455;
13.545;
13.636;
13.727;
13.818;
13.909;
14.0;
14.83;
14.167;
14.250;
14.333;
14.417;
14.500;
14.583;
14.667;
14.750;
14.833;
14.917;
15.0;
15.77;
15.154;
15.231;
15.308;
15.385;
15.462;
15.538;
15.615;
15.692;
15.769;
15.846;
15.923;
16.0;
16.67;
16.133;
16.200;
16.267;
16.333;
16.400;
16.467;
16.533;
16.600;
16.667;
16.733;
16.800;
16.867;
16.933;
17.0;
17.63;
17.125;
17.188;
17.250;
17.313;
17.375;
17.438;
17.500;
17.563;
17.625;
17.688;
17.750;
17.813;
17.875;
17.938;
18.0;
18.59;
18.118;
18.176;
18.235;
18.294;
18.353;
18.412;
18.471;
18.529;
18.588;
18.647;
18.706;
18.765;
18.824;
18.882;
18.941;
19.0;
19.59;
19.118;
19.176;
19.235;
19.294;
19.353;
19.412;
19.471;
19.529;
19.588;
19.647;
19.706;
19.765;
19.824;
19.882;
19.941;
20.0;
20.56;
20.111;
20.167;
20.222;
20.278;
20.333;
20.389;
20.444;
20.500;
20.556;
20.611;
20.667;
20.722;
20.778;
20.833;
20.889;
20.944;
21.0;
21.53;
21.105;
21.158;
21.211;
21.263;
21.316;
21.368;
21.421;
21.474;
21.526;
21.579;
21.632;
21.684;
21.737;
21.789;
21.842;
21.895;
21.947;
22.0;
22.53;
22.105;
22.158;
22.211;
22.263;
22.316;
22.368;
22.421;
22.474;
22.526;
22.579;
22.632;
22.684;
22.737;
22.789;
22.842;
22.895;
22.947;
23.0;
23.53;
23.105;
23.158;
23.211;
23.263;
23.316;
23.368;
23.421;
23.474;
23.526;
23.579;
23.632;
23.684;
23.737;
23.789;
23.842;
23.895;
23.947;
24.0;
24.53;
24.105;
24.158;
24.211;
24.263;
24.316;
24.368;
24.421;
24.474;
24.526;
24.579;
24.632;
24.684;
24.737;
24.789;
24.842;
24.895;
24.947;
25.0;
25.53;
25.105;
25.158;
25.211;
25.263;
25.316;
25.368;
25.421;
25.474;
25.526;
25.579;
25.632;
25.684;
25.737;
25.789;
25.842;
25.895;
25.947;
26.0;
26.53;
26.105;
26.158;
26.211;
26.263;
26.316;
26.368;
26.421;
26.474;
26.526;
26.579;
26.632;
26.684;
26.737;
26.789;
26.842;
26.895;
26.947;
27.0;
27.53;
27.105;
27.158;
27.211;
27.263;
27.316;
27.368;
27.421;
27.474;
27.526;
27.579;
27.632;
27.684;
27.737;
27.789;
27.842;
27.895;
27.947;
28.0;
28.53;
28.105;
28.158;
28.211;
28.263;
28.316;
28.368;
28.421;
28.474;
28.526;
28.579;
28.632;
28.684;
28.737;
28.789;
28.842;
28.895;
28.947;
29.0;
29.53;
29.105;
29.158;
29.211;
29.263;
29.316;
29.368;
29.421;
29.474;
29.526;
29.579;
29.632;
29.684;
29.737;
29.789;
29.842;
29.895;
29.947;
30.0;
30.56;
30.111;
30.167;
30.222;
30.278;
30.333;
30.389;
30.444;
30.500;
30.556;
30.611;
30.667;
30.722;
30.778;
30.833;
30.889;
30.944;
31.0;
31.56;
31.111;
31.167;
31.222;
31.278;
31.333;
31.389;
31.444;
31.500;
31.556;
31.611;
31.667;
31.722;
31.778;
31.833;
31.889;
31.944;
32.0;
32.59;
32.118;
32.176;
32.235;
32.294;
32.353;
32.412;
32.471;
32.529;
32.588;
32.647;
32.706;
32.765;
32.824;
32.882;
32.941;
33.0;
33.59;
33.118;
33.176;
33.235;
33.294;
33.353;
33.412;
33.471;
33.529;
33.588;
33.647;
33.706;
33.765;
33.824;
33.882;
33.941;
34.0;
34.63;
34.125;
34.188;
34.250;
34.313;
34.375;
34.438;
34.500;
34.563;
34.625;
34.688;
34.750;
34.813;
34.875;
34.938;
35.0;
35.67;
35.133;
35.200;
35.267;
35.333;
35.400;
35.467;
35.533;
35.600;
35.667;
35.733;
35.800;
35.867;
35.933;
36.0;
36.67;
36.133;
36.200;
36.267;
36.333;
36.400;
36.467;
36.533;
36.600;
36.667;
36.733;
36.800;
36.867;
36.933;
37.0;
37.71;
37.143;
37.214;
37.286;
37.357;
37.429;
37.500;
37.571;
37.643;
37.714;
37.786;
37.857;
37.929;
38.0;
38.77;
38.154;
38.231;
38.308;
38.385;
38.462;
38.538;
38.615;
38.692;
38.769;
38.846;
38.923;
39.0;
39.83;
39.167;
39.250;
39.333;
39.417;
39.500;
39.583;
39.667;
39.750;
39.833;
39.917;
40.0;
40.91;
40.182;
40.273;
40.364;
40.455;
40.545;
40.636;
40.727;
40.818;
40.909;
41.0;
41.100;
41.200;
41.300;
41.400;
41.500;
41.600;
41.700;
41.800;
41.900;
42.0;
42.100;
42.200;
42.300;
42.400;
42.500;
42.600;
42.700;
42.800;
42.900;
43.0;
43.111;
43.222;
43.333;
43.444;
43.556;
43.667;
43.778;
43.889;
44.0;
44.125;
44.250;
44.375;
44.500;
44.625;
44.750;
44.875;
45.0;
45.143;
45.286;
45.429;
45.571;
45.714;
45.857;
46.0;
46.167;
46.333;
46.500;
46.667;
46.833;
47.0;
47.200;
47.400;
47.600;
47.800;
48.0;
48.250;
48.500;
48.750;
49.0;
49.250;
49.500;
49.750;
50.0;
50.333;
50.667;
51.0;
51.500;
52.0;
52.500;
53.0;
54.0;
63.0;
64.0;
64.500;
65.0;
65.500;
66.0;
66.250;
66.500;
66.750;
67.0;
67.200;
67.400;
67.600;
67.800;
68.0;
68.167;
68.333;
68.500;
68.667;
68.833;
69.0;
69.125;
69.250;
69.375;
69.500;
69.625;
69.750;
69.875;
70.0;
70.100;
70.200;
70.300;
70.400;
70.500;
70.600;
70.700;
70.800;
70.900;
71.0;
71.83;
71.167;
71.250;
71.333;
71.417;
71.500;
71.583;
71.667;
71.750;
71.833;
71.917;
72.0;
72.71;
72.143;
72.214;
72.286;
72.357;
72.429;
72.500;
72.571;
72.643;
72.714;
72.786;
72.857;
72.929;
73.0;
73.63;
73.125;
73.188;
73.250;
73.313;
73.375;
73.438;
73.500;
73.563;
73.625;
73.688;
73.750;
73.813;
73.875;
73.938;
74.0;
74.56;
74.111;
74.167;
74.222;
74.278;
74.333;
74.389;
74.444;
74.500;
74.556;
74.611;
74.667;
74.722;
74.778;
74.833;
74.889;
74.944;
75.0;
75.50;
75.100;
75.150;
75.200;
75.250;
75.300;
75.350;
75.400;
75.450;
75.500;
75.550;
75.600;
75.650;
75.700;
75.750;
75.800;
75.850;
75.900;
75.950;
76.0;
76.45;
76.91;
76.136;
76.182;
76.227;
76.273;
76.318;
76.364;
76.409;
76.455;
76.500;
76.545;
76.591;
76.636;
76.682;
76.727;
76.773;
76.818;
76.864;
76.909;
76.955;
77.0;
77.40;
77.80;
77.120;
77.160;
77.200;
77.240;
77.280;
77.320;
77.360;
77.400;
77.440;
77.480;
77.520;
77.560;
77.600;
77.640;
77.680;
77.720;
77.760;
77.800;
77.840;
77.880;
77.920;
77.960;
78.0;
78.37;
78.74;
78.111;
78.148;
78.185;
78.222;
78.259;
78.296;
78.333;
78.370;
78.407;
78.444;
78.481;
78.519;
78.556;
78.593;
78.630;
78.667;
78.704;
78.741;
78.778;
78.815;
78.852;
78.889;
78.926;
78.963;
79.0;
79.34;
79.69;
79.103;
79.138;
79.172;
79.207;
79.241;
79.276;
79.310;
79.345;
79.379;
79.414;
79.448;
79.483;
79.517;
79.552;
79.586;
79.621;
79.655;
79.690;
79.724;
79.759;
79.793;
79.828;
79.862;
79.897;
79.931;
79.966;
80.0;
80.32;
80.65;
80.97;
80.129;
80.161;
80.194;
80.226;
80.258;
80.290;
80.323;
80.355;
80.387;
80.419;
80.452;
80.484;
80.516;
80.548;
80.581;
80.613;
80.645;
80.677;
80.710;
80.742;
80.774;
80.806;
80.839;
80.871;
80.903;
80.935;
80.968;
81.0;
81.30;
81.61;
81.91;
81.121;
81.152;
81.182;
81.212;
81.242;
81.273;
81.303;
81.333;
81.364;
81.394;
81.424;
81.455;
81.485;
81.515;
81.545;
81.576;
81.606;
81.636;
81.667;
81.697;
81.727;
81.758;
81.788;
81.818;
81.848;
81.879;
81.909;
81.939;
81.970;
82.0;
82.29;
82.57;
82.86;
82.114;
82.143;
82.171;
82.200;
82.229;
82.257;
82.286;
82.314;
82.343;
82.371;
82.400;
82.429;
82.457;
82.486;
82.514;
82.543;
82.571;
82.600;
82.629;
82.657;
82.686;
82.714;
82.743;
82.771;
82.800;
82.829;
82.857;
82.886;
82.914;
82.943;
82.971;
83.0;
83.27;
83.54;
83.81;
83.108;
83.135;
83.162;
83.189;
83.216;
83.243;
83.270;
83.297;
83.324;
83.351;
83.378;
83.405;
83.432;
83.459;
83.486;
83.514;
83.541;
83.568;
83.595;
83.622;
83.649;
83.676;
83.703;
83.730;
83.757;
83.784;
83.811;
83.838;
83.865;
83.892;
83.919;
83.946;
83.973;
84.0;
84.26;
84.51;
84.77;
84.103;
84.128;
84.154;
84.179;
84.205;
84.231;
84.256;
84.282;
84.308;
84.333;
84.359;
84.385;
84.410;
84.436;
84.462;
84.487;
84.513;
84.538;
84.564;
84.590;
84.615;
84.641;
84.667;
84.692;
84.718;
84.744;
84.769;
84.795;
84.821;
84.846;
84.872;
84.897;
84.923;
84.949;
84.974;
85.0;
85.24;
85.49;
85.73;
85.98;
85.122;
85.146;
85.171;
85.195;
85.220;
85.244;
85.268;
85.293;
85.317;
85.341;
85.366;
85.390;
85.415;
85.439;
85.463;
85.488;
85.512;
85.537;
85.561;
85.585;
85.610;
85.634;
85.659;
85.683;
85.707;
85.732;
85.756;
85.780;
85.805;
85.829;
85.854;
85.878;
85.902;
85.927;
85.951;
85.976;
86.0;
86.23;
86.47;
86.70;
86.93;
86.116;
86.140;
86.163;
86.186;
86.209;
86.233;
86.256;
86.279;
86.302;
86.326;
86.349;
86.372;
86.395;
86.419;
86.442;
86.465;
86.488;
86.512;
86.535;
86.558;
86.581;
86.605;
86.628;
86.651;
86.674;
86.698;
86.721;
86.744;
86.767;
86.791;
86.814;
86.837;
86.860;
86.884;
86.907;
86.930;
86.953;
86.977;
87.0;
87.23;
87.45;
87.68;
87.91;
87.114;
87.136;
87.159;
87.182;
87.205;
87.227;
87.250;
87.273;
87.295;
87.318;
87.341;
87.364;
87.386;
87.409;
87.432;
87.455;
87.477;
87.500;
87.523;
87.545;
87.568;
87.591;
87.614;
87.636;
87.659;
87.682;
87.705;
87.727;
87.750;
87.773;
87.795;
87.818;
87.841;
87.864;
87.886;
87.909;
87.932;
87.955;
87.977;
88.0;
88.22;
88.44;
88.67;
88.89;
88.111;
88.133;
88.156;
88.178;
88.200;
88.222;
88.244;
88.267;
88.289;
88.311;
88.333;
88.356;
88.378;
88.400;
88.422;
88.444;
88.467;
88.489;
88.511;
88.533;
88.556;
88.578;
88.600;
88.622;
88.644;
88.667;
88.689;
88.711;
88.733;
88.756;
88.778;
88.800;
88.822;
88.844;
88.867;
88.889;
88.911;
88.933;
88.956;
88.978;
89.0;
89.21;
89.43;
89.64;
89.85;
89.106;
89.128;
89.149;
89.170;
89.191;
89.213;
89.234;
89.255;
89.277;
89.298;
89.319;
89.340;
89.362;
89.383;
89.404;
89.426;
89.447;
89.468;
89.489;
89.511;
89.532;
89.553;
89.574;
89.596;
89.617;
89.638;
89.660;
89.681;
89.702;
89.723;
89.745;
89.766;
89.787;
89.809;
89.830;
89.851;
89.872;
89.894;
89.915;
89.936;
89.957;
89.979;
90.0;
90.21;
90.43;
90.64;
90.85;
90.106;
90.128;
90.149;
90.170;
90.191;
90.213;
90.234;
90.255;
90.277;
90.298;
90.319;
90.340;
90.362;
90.383;
90.404;
90.426;
90.447;
90.468;
90.489;
90.511;
90.532;
90.553;
90.574;
90.596;
90.617;
90.638;
90.660;
90.681;
90.702;
90.723;
90.745;
90.766;
90.787;
90.809;
90.830;
90.851;
90.872;
90.894;
90.915;
90.936;
90.957;
90.979;
91.0;
91.21;
91.42;
91.63;
91.83;
91.104;
91.125;
91.146;
91.167;
91.188;
91.208;
91.229;
91.250;
91.271;
91.292;
91.313;
91.333;
91.354;
91.375;
91.396;
91.417;
91.438;
91.458;
91.479;
91.500;
91.521;
91.542;
91.563;
91.583;
91.604;
91.625;
91.646;
91.667;
91.688;
91.708;
91.729;
91.750;
91.771;
91.792;
91.813;
91.833;
91.854;
91.875;
91.896;
91.917;
91.938;
91.958;
91.979;
92.0;
92.20;
92.41;
92.61;
92.82;
92.102;
92.122;
92.143;
92.163;
92.184;
92.204;
92.224;
92.245;
92.265;
92.286;
92.306;
92.327;
92.347;
92.367;
92.388;
92.408;
92.429;
92.449;
92.469;
92.490;
92.510;
92.531;
92.551;
92.571;
92.592;
92.612;
92.633;
92.653;
92.673;
92.694;
92.714;
92.735;
92.755;
92.776;
92.796;
92.816;
92.837;
92.857;
92.878;
92.898;
92.918;
92.939;
92.959;
92.980;
93.0;
93.20;
93.41;
93.61;
93.82;
93.102;
93.122;
93.143;
93.163;
93.184;
93.204;
93.224;
93.245;
93.265;
93.286;
93.306;
93.327;
93.347;
93.367;
93.388;
93.408;
93.429;
93.449;
93.469;
93.490;
93.510;
93.531;
93.551;
93.571;
93.592;
93.612;
93.633;
93.653;
93.673;
93.694;
93.714;
93.735;
93.755;
93.776;
93.796;
93.816;
93.837;
93.857;
93.878;
93.898;
93.918;
93.939;
93.959;
93.980;
94.0;
94.20;
94.41;
94.61;
94.82;
94.102;
94.122;
94.143;
94.163;
94.184;
94.204;
94.224;
94.245;
94.265;
94.286;
94.306;
94.327;
94.347;
94.367;
94.388;
94.408;
94.429;
94.449;
94.469;
94.490;
94.510;
94.531;
94.551;
94.571;
94.592;
94.612;
94.633;
94.653;
94.673;
94.694;
94.714;
94.735;
94.755;
94.776;
94.796;
94.816;
94.837;
94.857;
94.878;
94.898;
94.918;
94.939;
94.959;
94.980;
95.0;
95.20;
95.41;
95.61;
95.82;
95.102;
95.122;
95.143;
95.163;
95.184;
95.204;
95.224;
95.245;
95.265;
95.286;
95.306;
95.327;
95.347;
95.367;
95.388;
95.408;
95.429;
95.449;
95.469;
95.490;
95.510;
95.531;
95.551;
95.571;
95.592;
95.612;
95.633;
95.653;
95.673;
95.694;
95.714;
95.735;
95.755;
95.776;
95.796;
95.816;
95.837;
95.857;
95.878;
95.898;
95.918;
95.939;
95.959;
95.980;
96.0;
96.20;
96.41;
96.61;
96.82;
96.102;
96.122;
96.143;
96.163;
96.184;
96.204;
96.224;
96.245;
96.265;
96.286;
96.306;
96.327;
96.347;
96.367;
96.388;
96.408;
96.429;
96.449;
96.469;
96.490;
96.510;
96.531;
96.551;
96.571;
96.592;
96.612;
96.633;
96.653;
96.673;
96.694;
96.714;
96.735;
96.755;
96.776;
96.796;
96.816;
96.837;
96.857;
96.878;
96.898;
96.918;
96.939;
96.959;
96.980;
97.0;
97.21;
97.42;
97.63;
97.83;
97.104;
97.125;
97.146;
97.167;
97.188;
97.208;
97.229;
97.250;
97.271;
97.292;
97.313;
97.333;
97.354;
97.375;
97.396;
97.417;
97.438;
97.458;
97.479;
97.500;
97.521;
97.542;
97.563;
97.583;
97.604;
97.625;
97.646;
97.667;
97.688;
97.708;
97.729;
97.750;
97.771;
97.792;
97.813;
97.833;
97.854;
97.875;
97.896;
97.917;
97.938;
97.958;
97.979;
98.0;
98.21;
98.43;
98.64;
98.85;
98.106;
98.128;
98.149;
98.170;
98.191;
98.213;
98.234;
98.255;
98.277;
98.298;
98.319;
98.340;
98.362;
98.383;
98.404;
98.426;
98.447;
98.468;
98.489;
98.511;
98.532;
98.553;
98.574;
98.596;
98.617;
98.638;
98.660;
98.681;
98.702;
98.723;
98.745;
98.766;
98.787;
98.809;
98.830;
98.851;
98.872;
98.894;
98.915;
98.936;
98.957;
98.979;
99.0;
99.22;
99.43;
99.65;
99.87;
99.109;
99.130;
99.152;
99.174;
99.196;
99.217;
99.239;
99.261;
99.283;
99.304;
99.326;
99.348;
99.370;
99.391;
99.413;
99.435;
99.457;
99.478;
99.500;
99.522;
99.543;
99.565;
99.587;
99.609;
99.630;
99.652;
99.674;
99.696;
99.717;
99.739;
99.761;
99.783;
99.804;
99.826;
99.848;
99.870;
99.891;
99.913;
99.935;
99.957;
99.978;
100.0;
100.23;
100.45;
100.68;
100.91;
100.114;
100.136;
100.159;
100.182;
100.205;
100.227;
100.250;
100.273;
100.295;
100.318;
100.341;
100.364;
100.386;
100.409;
100.432;
100.455;
100.477;
100.500;
100.523;
100.545;
100.568;
100.591;
100.614;
100.636;
100.659;
100.682;
100.705;
100.727;
100.750;
100.773;
100.795;
100.818;
100.841;
100.864;
100.886;
100.909;
100.932;
100.955;
100.977;
101.0;
101.24;
101.48;
101.71;
101.95;
101.119;
101.143;
101.167;
101.190;
101.214;
101.238;
101.262;
101.286;
101.310;
101.333;
101.357;
101.381;
101.405;
101.429;
101.452;
101.476;
101.500;
101.524;
101.548;
101.571;
101.595;
101.619;
101.643;
101.667;
101.690;
101.714;
101.738;
101.762;
101.786;
101.810;
101.833;
101.857;
101.881;
101.905;
101.929;
101.952;
101.976;
102.0;
102.26;
102.51;
102.77;
102.103;
102.128;
102.154;
102.179;
102.205;
102.231;
102.256;
102.282;
102.308;
102.333;
102.359;
102.385;
102.410;
102.436;
102.462;
102.487;
102.513;
102.538;
102.564;
102.590;
102.615;
102.641;
102.667;
102.692;
102.718;
102.744;
102.769;
102.795;
102.821;
102.846;
102.872;
102.897;
102.923;
102.949;
102.974;
103.0;
103.27;
103.54;
103.81;
103.108;
103.135;
103.162;
103.189;
103.216;
103.243;
103.270;
103.297;
103.324;
103.351;
103.378;
103.405;
103.432;
103.459;
103.486;
103.514;
103.541;
103.568;
103.595;
103.622;
103.649;
103.676;
103.703;
103.730;
103.757;
103.784;
103.811;
103.838;
103.865;
103.892;
103.919;
103.946;
103.973;
104.0;
104.29;
104.59;
104.88;
104.118;
104.147;
104.176;
104.206;
104.235;
104.265;
104.294;
104.324;
104.353;
104.382;
104.412;
104.441;
104.471;
104.500;
104.529;
104.559;
104.588;
104.618;
104.647;
104.676;
104.706;
104.735;
104.765;
104.794;
104.824;
104.853;
104.882;
104.912;
104.941;
104.971;
105.0;
105.32;
105.65;
105.97;
105.129;
105.161;
105.194;
105.226;
105.258;
105.290;
105.323;
105.355;
105.387;
105.419;
105.452;
105.484;
105.516;
105.548;
105.581;
105.613;
105.645;
105.677;
105.710;
105.742;
105.774;
105.806;
105.839;
105.871;
105.903;
105.935;
105.968;
106.0;
106.36;
106.71;
106.107;
106.143;
106.179;
106.214;
106.250;
106.286;
106.321;
106.357;
106.393;
106.429;
106.464;
106.500;
106.536;
106.571;
106.607;
106.643;
106.679;
106.714;
106.750;
106.786;
106.821;
106.857;
106.893;
106.929;
106.964;
107.0;
107.40;
107.80;
107.120;
107.160;
107.200;
107.240;
107.280;
107.320;
107.360;
107.400;
107.440;
107.480;
107.520;
107.560;
107.600;
107.640;
107.680;
107.720;
107.760;
107.800;
107.840;
107.880;
107.920;
107.960;
108.0;
108.45;
108.91;
108.136;
108.182;
108.227;
108.273;
108.318;
108.364;
108.409;
108.455;
108.500;
108.545;
108.591;
108.636;
108.682;
108.727;
108.773;
108.818;
108.864;
108.909;
108.955;
109.0;
109.53;
109.105;
109.158;
109.211;
109.263;
109.316;
109.368;
109.421;
109.474;
109.526;
109.579;
109.632;
109.684;
109.737;
109.789;
109.842;
109.895;
109.947;
110.0;
110.63;
110.125;
110.188;
110.250;
110.313;
110.375;
110.438;
110.500;
110.563;
110.625;
110.688;
110.750;
110.813;
110.875;
110.938;
111.0;
111.77;
111.154;
111.231;
111.308;
111.385;
111.462;
111.538;
111.615;
111.692;
111.769;
111.846;
111.923;
112.0;
112.91;
112.182;
112.273;
112.364;
112.455;
112.545;
112.636;
112.727;
112.818;
112.909;
113.0;
113.125;
113.250;
113.375;
113.500;
113.625;
113.750;
113.875;
114.0;
114.167;
114.333;
114.500;
114.667;
114.833;
115.0;
115.250;
115.500;
115.750;
116.0;
116.333;
116.667;
117.0;
117.500;
118.0;
119.0;
